51.531901
40.207006
73.871170
44.730181
11.139615
65.131291
51.695858
72.363803
59.274577
61.748601
53.691025
10.043239
51.437081
32.182953
82.764221
53.439480
51.617109
36.597451
60.048828
42.722410
60.980655
4.860164
40.352192
71.641646
65.212174
27.972810
83.761734
59.507399
76.023051
65.783628
31.831369
25.422285
56.336470
44.112381
32.052514
28.340760
68.947035
47.504920
21.224505
13.604723
64.589368
40.821718
81.465042
28.988778
48.038785
29.051452
41.729310
77.066142
78.041056
83.108915
16.522947
15.578965
47.277849
33.458125
52.303187
42.261796
41.953002
48.080012
77.063270
35.679375
37.225705
58.651658
4.713447
67.774354
88.095205
22.868424
64.344904
50.231799
26.450319
38.258778
43.885529
55.884872
36.160074
56.671206
71.496692
88.473425
55.153320
34.768176
76.135685
71.540502
63.084078
39.129281
29.162635
43.063944
84.195977
30.469534
46.391614
27.383483
48.838018
50.350261
66.821138
40.767623
46.631479
35.723545
65.530323
63.884505
52.013999
55.755419
54.305827
43.541357
22.371187
13.696323
60.222512
15.503061
51.085448
69.479845
18.426040
74.231915
71.902765
65.102954
35.698313
36.956582
40.281827
48.417740
19.644755
59.143786
48.181974
13.192303
60.205274
76.657048
48.673169
77.983390
65.566064
40.378087
43.870043
18.749961
43.148739
63.654830
82.163208
55.934997
68.436139
60.804025
73.902656
63.115591
78.906384
31.195370
76.082043
37.377811
47.921739
52.216995
72.782635
35.314957
27.733535
73.292574
56.268412
40.894238
46.509347
45.129312
54.909304
34.483346
18.162276
55.268566
57.801986
26.756803
66.892492
78.545807
57.298600
56.825423
58.884833
54.466761
54.397974
52.285161
78.059768
67.411678
70.141662
47.619058
31.438799
32.575765
55.690199
23.741841
61.980485
56.034862
44.755972
58.947844
41.282557
65.106393
25.875109
26.260803
43.108249
42.381113
48.868465
30.314710
6.598182
34.329559
64.991038
5.819613
35.280190
73.726155
50.647849
78.193224
16.093493
37.651109
31.359797
55.784050
70.996334
54.729932
46.944787
31.744133
36.748817
87.405467
44.167417
40.276101
41.866798
63.007546
46.977377
48.842193
41.203454
33.742697
10.364976
14.858423
5.786320
34.810370
59.964748
55.479978
18.391981
57.566913
51.066409
27.021057
59.676253
17.460002
10.253384
53.057971
4.145899
29.869558
71.575860
38.066196
57.405827
52.212253
35.341613
71.946012
42.969074
38.946384
51.912833
60.635499
37.006669
56.464487
51.198559
52.958402
27.504749
45.580247
56.859595
61.477714
74.657292
67.427032
17.670175
32.572716
71.704550
31.876048
46.291650
36.322858
44.652923
49.536240
75.586911
75.076051
44.767940
58.033401
52.810825
58.614264
81.695581
65.012983
22.541929
47.323537
61.731717
46.041063
52.067651
56.181115
38.566203
58.257705
66.927641
7.330261
56.463980
36.095211
38.899112
75.442606
77.193127
61.395150
68.216053
39.630460
44.308391
48.648276
41.104225
82.661670
40.376783
39.643413
26.718127
88.091975
92.596728
36.264199
60.830036
64.741677
34.099023
21.949677
24.743224
93.027409
52.307162
26.978609
32.913656
48.839286
27.190961
75.859967
48.436463
82.392230
33.965698
49.199860
58.852053
10.366104
60.707626
68.659147
27.626600
49.156268
34.553169
75.235564
48.040517
60.869324
95.923840
88.288232
6.517124
58.541738
63.378597
69.570135
52.632976
82.864603
31.599165
81.128919
78.713243
22.322902
67.207069
76.061866
48.218158
50.458029
47.943474
79.754040
59.127380
6.800678
40.338362
35.209403
37.762099
34.257704
66.510745
55.419075
83.805344
48.473844
78.775308
36.773221
69.452909
79.512140
6.597894
24.645400
52.278522
12.160050
62.314537
60.057499
84.452689
46.490718
26.810910
15.924363
19.159393
95.146979
29.673838
13.858409
79.711980
64.487971
49.682291
36.959169
39.069029
66.169321
14.973072
49.790762
46.899802
13.891740
88.093414
47.871382
75.486069
58.831172
79.606137
74.095196
29.258019
37.661367
45.761818
34.256883
68.539426
46.947760
76.697823
43.223874
30.398429
45.423155
63.267077
60.993069
66.471328
59.299339
54.363026
13.054220
46.037050
74.330065
36.594053
46.486648
55.771910
55.481145
8.157763
31.432115
21.899893
27.784654
63.987187
86.726518
28.321553
70.158163
18.585927
17.779519
34.486677
15.459005
52.997971
54.744517
43.332255
28.515091
81.505339
28.102463
36.278419
38.821971
31.667336
69.088324
13.104179
27.786772
27.129487
65.819224
27.066450
40.867390
84.136263
25.364045
57.557163
59.726556
43.382676
69.835947
30.715373
50.387768
85.868614
78.660930
11.142926
85.695778
58.632905
30.596946
58.659041
36.022350
74.156457
17.951491
35.317959
90.595384
59.448226
56.703122
59.582074
76.940167
44.320120
76.505637
58.825329
53.973670
61.228470
51.425528
60.824550
41.972409
66.353249
47.149775
27.062941
59.664621
30.745802
76.329723
34.863862
46.218293
59.760903
49.349769
53.536497
49.296161
59.169996
27.687380
51.471683
90.909339
60.760391
61.931866
54.369567
61.732508
81.789483
57.024430
58.877597
25.705776
16.864940
45.206746
43.115888
71.548200
66.355806
77.671645
48.530602
32.017696
56.285431
75.708852
69.807109
50.530902
17.672365
75.434950
37.495081
80.020726
16.343700
37.313617
86.066977
42.538547
19.530204
36.061837
58.036551
35.589891
65.997759
71.968148
80.188130
3.719703
38.023284
7.648468
59.004232
51.079866
63.416000
54.417244
71.879431
63.564709
74.418346
18.773618
49.378551
31.188184
67.826084
50.004965
26.107812
9.099364
77.843332
63.842887
46.790570
47.645161
49.732510
41.847976
41.126652
83.847038
67.260967
54.921992
29.338672
28.702853
54.844928
45.000670
65.205103
43.419219
35.176454
36.356526
38.915584
28.066288
22.595557
58.337594
41.334329
56.410669
73.387426
19.232011
82.287684
33.774753
65.332260
83.243596
74.771897
24.802132
82.597941
44.143380
55.439688
37.681580
77.447738
39.710798
48.747940
68.876276
50.174056
70.827387
31.430673
60.800982
41.529845
40.281585
36.731223
65.354523
16.974914
61.651253
55.257396
78.098524
67.411612
85.248827
93.484122
92.141099
42.756653
78.427195
51.364407
56.960419
47.952758
60.487116
32.565929
42.714976
66.511532
58.705279
68.372075
30.770520
43.412118
50.319241
33.491229
55.445340
54.137072
42.365436
57.406457
85.166321
68.842068
62.880073
48.263673
45.284443
32.633453
54.198555
37.015483
72.154072
73.629802
19.828155
25.533317
45.913292
43.749799
27.760596
47.510385
13.671514
30.434645
48.246177
57.454164
18.523105
90.337347
77.695232
29.613336
60.467023
20.963948
20.296720
47.135473
66.063249
82.946630
42.197736
33.804343
21.330072
10.534400
20.721917
20.479728
44.392573
24.080690
83.344595
61.789777
34.805102
20.109366
14.531373
49.471405
43.492806
15.699489
61.026245
63.863294
83.385983
41.968875
81.460657
51.653261
55.713441
40.655530
32.181150
29.664269
57.019649
54.175060
53.944759
45.969629
71.974834
16.242842
54.238235
46.372232
87.144634
37.017247
55.696974
25.923731
41.068043
51.685512
47.388704
63.806426
34.728904
56.642058
59.178404
39.014329
50.431387
44.571691
71.202060
62.167644
53.647559
41.208430
56.416589
28.185054
42.748393
80.003266
26.712030
22.206547
35.787822
73.902303
61.688485
83.722154
28.000652
41.074463
43.916881
42.307151
28.769685
75.497947
58.145305
46.166294
48.146906
43.782315
47.893682
44.635319
75.304022
69.266150
56.584882
47.530580
71.177668
49.677544
65.594596
20.322835
73.059420
53.077259
42.542925
67.391774
50.481185
15.557472
22.011146
20.597320
78.202314
74.639932
52.284481
65.050849
28.122232
49.724919
33.685594
81.718902
75.247353
13.021404
62.939870
45.373595
65.844345
16.659626
38.782329
60.098657
58.962161
66.530149
45.987471
70.416137
67.728375
43.453069
39.351073
40.023174
58.882366
62.819792
6.223640
29.173291
30.480790
48.692020
73.274027
41.560303
59.380460
37.698368
14.998587
39.492172
46.502103
64.537932
65.883747
40.776992
25.376459
48.514002
83.030823
20.870313
52.650233
70.245873
29.504052
71.414271
50.901591
67.831542
53.303454
67.794834
80.569597
56.019080
58.142862
67.675386
93.544649
45.029029
32.783554
87.232134
40.630262
54.549093
29.826321
63.188938
51.937346
23.881603
21.982086
19.326103
54.294050
91.815458
47.285400
41.449815
84.365258
30.744451
53.949225
24.187595
58.879902
29.158615
14.706264
56.309648
53.295542
25.183071
38.799058
62.655781
50.121961
64.190545
77.701520
6.714290
30.032307
34.909977
16.585892
83.726039
15.238744
62.063199
39.474848
63.632986
19.622739
42.415451
92.017894
65.921419
33.064412
59.057132
76.524535
58.111711
82.242820
36.514421
20.395661
39.909078
89.789528
47.690662
80.456665
55.600859
58.055874
86.398476
42.830776
54.255329
28.821976
37.457878
79.318535
32.635852
63.185654
43.683670
35.561039
54.916720
56.420038
88.893537
41.417438
56.948229
64.545986
22.737473
44.645750
60.548406
63.686365
33.270638
45.113963
68.444256
21.671049
14.779565
66.658023
41.226730
79.005191
79.844745
41.833784
39.798568
83.127810
56.549016
61.934683
28.845597
76.243176
20.575223
81.236293
51.450527
78.220511
34.050580
37.684645
55.221769
37.477166
82.179083
70.277960
61.776414
48.891217
37.915862
87.807512
17.287616
34.958702
39.375862
33.204241
83.852159
49.688160
7.640363
68.167184
58.718705
50.599809
41.180597
59.271557
38.108622
77.778535
63.044526
39.579503
59.860639
62.899360
10.411319
46.036148
34.537643
73.959050
75.612361
42.899323
52.107862
75.506931
49.675517
5.902914
50.642438
20.984830
28.241771
47.557997
46.400508
41.672702
87.551405
42.686287
48.533547
53.213190
37.528672
58.466383
60.788772
57.397484
57.857451
34.849070
35.866061
71.771566
59.295187
48.747662
19.809427
73.843322
53.675058
56.485581
61.890192
54.541264
81.412646
55.879299
66.227211
47.427063
57.311661
9.823198
86.381015
42.069873
24.851673
51.906649
74.788209
24.284817
53.631061
75.307860
46.400836
88.330664
45.669854
49.051167
83.328609
53.350882
65.307206
47.335704
64.845651
53.398703
50.482556
38.847935
34.863050
80.687219
32.050563
71.869004
74.553049
36.177601
80.071765
54.955338
14.025416
45.697894
55.687938
51.481105
94.674790
58.593616
59.556104
30.069354
56.812137
22.236513
65.255446
48.152679
53.459402
61.909338
37.917705
38.744863
57.627997
61.113136
20.587844
76.343696
22.963728
45.427311
13.467996
29.855669
89.517300
54.589495
56.083411
28.847758
