162.920271
64.384549
23.643304
21.407553
10.883014
6.744455
5.404105
17.936076
20.225005
61.865380
41.206048
71.987992
6.415344
17.002631
5.735526
93.408730
16.657440
4.966481
25.236725
47.268182
37.883506
7.829930
32.265553
17.699303
24.497505
211.429016
32.989039
15.400805
14.152531
1.809892
26.166135
198.514037
104.548555
72.264400
8.253866
12.758188
8.311898
10.540776
46.132695
20.485910
33.720969
8.968811
21.121524
48.286719
32.188779
6.040669
47.572798
13.701574
20.566236
7.047692
3.070335
11.777928
7.785816
23.425729
20.098482
140.278181
27.942434
94.991536
7.988352
4.249681
2.426571
30.588971
7.884102
43.746675
69.847648
32.351360
6.040642
279.509498
168.608018
41.369064
16.523731
18.048058
20.273983
23.358340
53.343380
85.406077
9.704800
6.130756
1.456635
56.612543
44.968913
30.910935
5.390595
7.994431
9.991562
18.049317
66.879804
66.014069
29.232125
15.235816
1.594555
5.447831
25.863324
9.189777
20.837143
22.126343
5.509741
3.248542
4.512763
10.283460
136.622134
40.759168
37.720386
250.659764
4.659436
30.174792
7.781676
694.320260
12.629052
1.090710
27.707054
1.061854
25.056303
14.794909
99.516958
2.746248
132.275433
0.567583
22.283692
13.119138
7.453357
10.026748
15.299126
17.528710
26.962211
2.388848
51.793796
196.961694
18.668223
27.198646
5.023887
27.478274
1.817589
2.938833
3.347438
185.249927
56.013209
17.638224
1.589929
466.195927
29.747733
23.438692
5.926760
17.688196
3.130239
1.011301
59.730552
47.306185
18.869660
25.069493
35.741674
6.197522
11.895442
441.174323
67.158658
1.504156
69.692676
13.585508
2.218409
11.516104
69.567105
50.602601
37.502604
114.548719
3.183193
31.895481
2.348934
14.158223
27.428920
9.188134
5.991654
19.713799
5.731948
4.426599
18.895501
29.884405
51.463521
1.636821
11.686161
2.916857
5.932546
18.260925
16.849877
1.124619
16.608082
79.703474
15.289649
16.991438
17.568998
55.197364
34.817436
8.442453
4.778511
7.931643
30.177772
9.810390
43.287932
22.120622
2.511456
25.358274
11.810035
3.796281
48.873669
10.300959
77.510371
69.370183
7.036581
14.339954
92.480345
3.485492
30.596693
13.480291
77.770283
140.946827
8.087043
1.718824
23.884219
1.897386
15.682049
46.262918
14.150861
15.006067
24.079442
49.597548
12.428460
12.370227
12.557344
3.810710
134.506615
8.449474
20.800870
21.096242
7.019174
9.744193
1.942098
1.127206
68.336194
30.447254
19.272388
11.752015
41.037612
20.398495
7.498231
45.397719
16.517741
33.132079
2.708222
25.854967
8.865275
7.207473
3.088430
8.586937
172.514882
39.338283
0.940308
5.443222
19.645624
26.268571
20.726679
31.875592
85.029618
1.586234
4.711932
8.148340
3.244955
73.172203
1.030854
5.274063
12.539469
5.730173
324.425027
14.050401
34.480108
12.023661
73.254370
15.218853
3.327246
22.612467
56.467892
6.053290
21.694530
16.339732
6.760024
23.105310
35.206905
6.006757
139.468744
7.823564
84.165797
2.365124
36.270983
16.095193
26.020473
18.905028
22.580647
12.771444
19.838671
33.103530
8.842771
44.848657
11.348726
16.572267
128.876891
81.615460
79.464408
4.569044
37.379883
11.474253
33.501668
96.914245
18.083932
4.996138
29.007005
21.539534
8.517817
19.867682
1.325604
7.224149
64.377860
24.346001
26.567488
18.575742
16.755130
21.866926
3.942169
18.312302
109.055134
367.571612
75.549187
68.882286
5.770585
1.876762
61.171735
18.868257
82.039721
212.884649
44.808509
83.713255
6.109899
23.012452
75.362061
33.092035
12.816322
38.157498
41.644351
23.556783
59.451844
1.398134
16.916507
18.969600
27.389694
55.565537
29.842935
53.853514
21.066073
25.957022
17.576201
16.609212
5.798459
11.119093
28.826554
17.061131
4.763131
94.928854
12.512231
15.338581
8.178553
4.125631
3.998580
6.683534
6.426239
17.438265
13.405710
2.207944
76.298056
3.354148
38.998755
45.022360
150.268994
11.157035
28.747350
2.855578
8.876035
2.519432
10.628374
13.261425
306.020912
3.689995
3.574106
38.332155
11.364498
267.611653
3.388244
15.082045
5.698836
196.284369
10.337817
4.935017
17.821980
35.833394
45.037061
7.191690
101.524198
10.583269
303.036960
20.761866
90.704634
8.170964
13.420517
8.822026
5.470870
13.482811
18.285095
8.320158
95.184319
14.931253
6.544390
2.029068
10.401579
43.675173
31.039465
14.253100
28.374005
13.753526
24.770256
26.676995
33.316211
13.888122
7.536485
79.570700
11.759547
24.182949
16.339632
2.330279
3.479326
83.619254
232.675657
33.241553
256.006461
7.512033
12.356871
9.214810
133.776343
24.558705
13.904062
1.253795
24.110233
104.638567
66.114193
5.360739
7.141943
10.216240
5.328736
19.031541
4.555051
19.756074
4.255261
24.832055
15.716608
17.484101
12.697881
13.851072
27.032800
6.424856
2.995256
23.236783
45.846354
7.087394
12.004293
1.149970
33.251967
5.229551
6.802698
37.553235
225.515553
100.248035
21.966920
9.658576
116.112654
29.134396
49.895840
24.068606
12.260563
13.409855
37.089560
26.093511
93.066683
21.319955
4.991846
37.091735
14.204628
43.554082
50.157801
46.847788
21.338876
76.818242
40.154065
44.658126
43.131783
58.034547
4.174052
14.987157
84.696905
58.506585
2.986984
324.549982
12.440598
15.185785
92.980498
13.696291
11.771706
7.125764
6.994065
7.652705
203.100998
14.977151
24.518678
110.904164
4.858711
15.112427
79.980646
6.943934
7.286409
0.498723
0.849265
15.339116
28.004494
8.753030
242.889950
2.742158
203.596492
11.165489
75.639718
32.379849
567.476407
34.948714
111.237036
3.751401
341.067693
54.534342
5.549423
2.321598
19.817338
7.233559
13.666675
4.691684
294.047056
4.679384
3.445667
1.821703
8.403605
4.322763
114.856848
17.439468
35.691423
53.239101
99.330641
124.091797
10.809026
3.803119
3.913628
18.209454
11.152517
32.429616
59.727066
15.018372
59.174172
15.280505
6.968018
36.662702
8.632656
32.196721
59.093571
16.995921
0.624814
2.159408
15.691459
5.219122
4.278274
112.933226
21.688669
13.681239
43.743186
95.648269
15.198905
52.640049
20.553642
29.337390
16.972459
24.889431
30.212000
17.600716
3.250309
9.516668
26.243023
143.009337
7.526647
72.678944
96.021457
10.734144
21.260654
8.489610
6.146212
16.236924
2.927361
27.430453
142.587802
74.205029
1.009886
22.384063
2.889468
1.438273
34.246915
30.933403
3.912404
56.866261
3.558057
12.027786
2.164726
15.615575
40.193010
70.894398
24.988644
17.032790
3.944927
60.450810
71.909914
2.269480
6.211166
1.863575
1.761735
8.309151
44.242741
32.218386
3.082937
0.511072
62.696001
1.786252
21.943511
13.197219
87.843305
17.988790
37.125277
51.817900
19.229296
103.729396
2.290355
28.626890
4.145531
6.244673
86.056985
3.297216
18.928995
2.205972
3.206901
51.015285
8.259943
1.933147
44.127369
52.216023
11.757773
36.264021
46.590480
27.877332
34.938067
2.064723
9.138123
1.463044
117.236640
22.249854
253.669785
11.188063
58.862282
22.565437
4.635794
6.662179
33.771584
6.539797
38.449723
20.434292
6.193815
2.528909
91.340371
3.448485
13.565658
17.624453
21.125010
10.447450
205.431270
94.106881
82.776083
19.964813
5.616087
254.597356
52.411491
18.055039
45.574298
17.843291
29.782140
29.929225
43.109775
1.587940
7.450926
8.889477
1.811649
266.974203
71.389541
1.154921
22.000186
26.907858
12.853848
67.916437
215.427900
15.050696
9.840403
25.755109
33.409301
137.359090
28.386380
5.885652
17.751948
13.735932
82.898732
4.123580
14.717674
49.731862
19.879892
8.935773
17.240301
2.528544
11.739423
15.751854
60.574108
9.277595
90.916381
12.314676
9.454961
48.823690
22.101978
96.899602
32.033293
7.971232
3.808279
10.331171
5.753873
17.650637
14.009411
130.309437
7.403802
65.104200
7.987603
88.460443
20.438375
3.350173
21.542839
25.734968
45.983225
2.406966
3.737961
3.991534
89.724425
237.786642
32.420755
128.053114
46.965879
49.497988
67.801841
35.594056
10.225012
66.434835
52.331459
48.401809
87.861290
8.611416
8.071895
8.832912
2.806391
9.512846
8.791725
16.429440
47.212832
7.456535
4.840227
8.270670
36.814122
49.767951
11.412243
9.907054
23.813130
44.458878
37.086212
7.815048
82.457061
38.658946
4.723071
72.203000
3.638117
71.050823
30.465444
44.389227
408.983140
22.196869
10.548528
31.005096
8.339974
52.864792
42.834604
27.040104
21.374695
2.856259
6.194223
39.901884
3.672367
44.249958
1.245922
50.375992
48.663793
14.287842
108.278407
7.842725
9.905019
2.387341
12.592537
1.079385
2.611360
33.138804
92.238157
42.480579
4.448345
14.836550
10.362680
55.569846
18.124368
2.696845
9.533362
18.763079
58.494466
0.509565
14.344504
11.952024
30.911008
13.935692
10.521163
1.816573
107.592623
3.663429
31.203114
6.239162
40.478853
261.415784
0.862789
216.068276
57.708016
10.109534
34.076345
28.925280
11.204711
82.563329
48.341306
3.645518
30.613535
200.040949
13.059888
6.507754
49.508766
14.317160
16.485762
7.805691
5.098834
4.761262
19.287768
24.395900
43.279530
541.648674
18.442823
9.926840
80.350647
3.531968
11.847459
3.423191
187.123508
0.287121
79.682926
14.975858
40.905062
13.896302
7.957752
1.463523
4.637642
45.860092
244.453046
51.609205
20.883731
12.931330
9.275070
11.924237
4.177209
95.393983
164.194692
9.113257
27.469441
6.768909
5.357595
349.142430
6.803934
5.694963
1.920114
17.453806
7.158531
3.225338
48.780133
13.649927
7.641963
11.687139
1.692265
7.000355
65.687868
128.551003
66.670832
21.802166
58.420032
43.557700
5.793068
1.193531
13.732147
45.430751
141.520898
36.311234
11.503305
22.077369
51.606675
422.620838
37.356752
192.043978
88.974086
3.728962
7.741094
8.948373
51.828046
26.200763
13.005560
15.733464
13.095451
38.652157
17.832975
49.495418
231.038570
20.454358
580.922087
6.392123
14.028671
2.095751
401.592327
181.369440
104.637250
15.914897
17.469498
68.035600
28.330267
12.973351
13.985945
30.486297
5.407844
7.115247
12.216719
1.510431
7.819797
0.631238
22.940891
24.008076
9.896313
22.433675
17.383559
9.087448
23.924104
9.194155
19.038117
21.818852
172.114451
42.408115
152.839059
58.028863
0.924577
52.595312
22.961704
14.495011
20.636820
19.060414
8.359734
2.801816
4.877936
9.151755
68.008543
7.708240
10.369946
27.579266
4.676232
11.508514
34.679410
3.374195
