28.348904
6.129401
0.629704
24.834669
6.378794
17.364411
153.241891
13.966288
17.715480
0.178628
11.299000
42.415010
23.646495
1.521083
74.488624
65.605579
10.845082
34.602909
69.272876
66.288148
9.381609
54.103638
79.852081
4.175180
24.695834
10.540405
49.734318
20.183550
42.902983
123.416449
219.781461
43.720022
12.378734
3.196794
24.927546
4.490429
108.722576
71.213699
9.491684
56.476777
71.805262
35.546088
26.860858
208.067476
37.842838
52.396431
86.960758
186.004073
157.147459
1.832030
48.990905
13.202787
51.012001
62.730256
287.863837
21.289900
151.737128
101.106635
8.453216
27.090502
24.387348
16.298986
15.717419
73.644550
6.427297
50.130071
90.567795
14.940564
79.620238
56.893026
66.798029
111.910694
69.180518
11.767995
6.882513
56.091121
46.944074
4.562088
110.280428
44.436442
62.682916
4.751432
14.364587
9.866846
4.045376
36.714279
15.853307
141.375194
12.191499
34.564485
26.982291
109.302859
44.256029
67.978123
103.170611
15.481657
66.060936
133.849811
72.429017
72.288203
149.711231
6.134003
50.015301
2.429365
257.141092
207.302753
216.493322
134.875053
27.537198
23.411987
100.150626
2.959838
40.856961
104.075560
29.404430
59.765438
26.062401
49.959037
32.905236
1.042955
188.766985
28.693276
26.210726
38.571288
0.825357
126.761556
23.537403
54.244546
43.355667
63.860517
38.013663
148.020113
176.789667
92.256828
100.520928
6.519807
15.612043
53.235053
0.319283
12.865067
42.150072
83.031685
44.825223
10.292676
64.113519
65.065469
62.382614
64.050649
148.824355
24.038645
0.661002
45.777941
29.607895
99.632164
1.503628
19.618441
3.013477
141.382943
286.344306
7.328175
52.235825
73.164378
29.574225
17.333884
9.163062
16.285014
16.349360
17.858186
173.452043
26.110644
13.146322
43.277118
103.312936
45.378825
34.916350
79.751962
68.760214
62.997414
21.859677
5.835874
2.259689
41.459864
11.074230
160.470410
20.862146
15.896116
79.831144
5.299726
8.608767
9.797039
28.268385
16.194529
6.615717
34.733064
58.770176
111.856994
116.334754
12.245926
70.262540
8.778749
49.324408
168.898402
90.262407
43.679929
1.229762
8.430511
86.002087
28.286364
3.484843
34.810336
14.652759
20.360421
155.477420
65.250577
82.579515
17.444541
101.303737
171.054991
33.188827
38.485316
24.404167
1.158678
1.561565
57.398715
11.625432
12.449040
35.881413
39.449215
101.988992
44.707201
117.756976
27.709731
37.834075
29.173170
3.790877
59.594144
4.198603
3.587557
73.972591
59.768984
137.428128
40.398409
53.981857
173.239579
22.225513
25.480080
1.859423
14.648653
2.477740
25.799515
61.808532
16.071576
26.141631
147.724400
9.132109
75.149398
1.642066
89.856938
21.748114
13.899523
25.436797
73.076082
80.166867
35.685114
15.402627
30.793195
82.587062
133.692564
69.253503
124.780315
65.979123
40.902305
35.511449
95.209623
34.726924
8.595378
45.198391
51.568802
73.099039
53.268643
37.120091
25.619838
25.393513
28.457072
8.771455
13.166673
233.560013
68.516425
71.929413
100.933829
84.916776
25.256823
8.970009
338.950896
9.047310
65.780526
28.270393
17.872393
70.737691
76.303025
7.419835
20.428381
31.665086
99.402371
135.276809
42.644875
39.687641
73.983942
37.946567
24.567359
74.205337
5.325158
137.786965
3.597761
102.548875
121.422307
36.929259
45.917480
28.232872
185.703667
17.047045
26.609177
73.338079
6.947905
27.974102
72.347919
63.656638
2.873792
115.663056
9.467266
75.617022
64.834086
6.414561
16.884357
103.597500
67.054750
21.155526
30.855511
86.559907
25.513145
29.318161
30.292059
24.859624
14.740381
59.505385
2.842746
35.558141
1.845995
13.821976
0.041793
75.222288
63.256145
113.521513
0.014273
33.947970
52.068611
3.283319
74.123260
18.934421
15.739782
31.731736
33.208431
168.988771
9.604281
47.320051
28.480971
72.274181
6.729744
46.096264
19.292962
8.909582
18.838490
88.276633
41.336457
72.740870
11.749197
43.172112
59.100824
50.012143
42.257139
54.056250
13.310568
26.537875
6.388081
68.533653
6.557879
52.582888
41.538323
77.391493
17.150077
273.047267
121.021096
36.450996
74.071622
19.218635
86.741532
53.270630
6.257200
32.151263
22.030976
42.687458
74.629123
78.231884
212.492292
70.532831
7.547848
81.807663
22.977696
47.851739
56.479626
98.772370
3.721391
30.886982
67.193386
3.025184
184.192325
40.388759
58.158320
6.048420
57.130646
22.098605
80.762248
23.588650
15.008407
4.932256
58.809673
13.697855
42.274051
256.318136
27.963671
97.780357
45.527634
81.282836
1.460391
27.267023
5.785366
124.305057
28.397585
19.416714
40.776431
19.778572
37.942469
1.864431
2.912538
16.626423
20.956183
26.351994
61.559645
25.427268
0.315517
25.772361
10.182995
14.914477
41.216625
74.983805
12.322013
29.732284
44.112200
0.904556
141.878835
15.758344
31.564019
61.445626
5.846014
217.775256
12.997438
48.834961
188.643375
24.041669
22.492674
8.999926
15.654969
85.610754
30.761420
173.022827
12.290152
23.754544
20.639470
42.472767
48.638896
236.635114
65.101563
106.392927
58.689785
14.335298
4.500558
18.827823
117.718457
30.483377
88.835625
26.961456
53.719759
94.991927
43.071070
4.723585
22.392506
42.641140
29.061110
71.189181
69.556674
27.566731
105.350989
6.894134
6.402057
14.344244
7.193382
148.797504
36.465909
3.695603
9.678778
2.563088
36.583035
48.764238
21.092598
17.743212
78.658046
25.306075
149.582590
83.957991
66.658639
14.634956
14.204962
13.530603
5.373718
4.984510
113.188804
50.327587
78.677573
148.391244
107.734943
24.927228
10.525492
68.256464
121.754802
9.528881
62.541940
17.179709
4.716822
2.790547
85.008140
6.246094
216.939612
7.321491
82.728851
51.220478
69.299645
41.614537
11.467441
40.283653
35.250409
125.003748
20.008595
73.614032
284.298436
52.480871
63.907926
27.205599
16.362673
55.320765
4.384059
58.265267
129.308346
81.469169
156.932167
8.565204
32.841729
64.315760
6.797064
22.432704
104.245964
32.983145
17.535668
55.897718
12.456634
6.219475
8.876868
7.275945
64.054398
21.020719
33.243682
11.862446
3.031845
45.480518
10.540417
51.090081
57.319360
58.139866
48.503147
14.895928
55.592405
13.286165
17.552575
20.787533
27.751916
22.542806
0.882647
40.317378
18.712159
62.051444
139.432767
70.572491
12.044814
11.078692
49.103735
18.896421
38.268835
42.514612
19.124268
32.697966
5.855682
65.442597
133.955485
7.741273
62.204576
4.689468
37.820122
0.480940
5.546083
27.541133
16.853384
19.718651
105.539339
111.433152
40.418662
12.556660
7.774009
8.702802
73.700207
45.239295
109.283616
7.067915
22.220307
12.632901
147.312092
6.772730
10.796507
15.489131
82.779956
12.363763
148.643780
50.532731
9.358735
13.742818
110.817779
199.839753
11.125541
18.648077
5.227378
61.019140
47.596920
16.846590
3.715417
18.826037
110.372041
3.555101
10.207690
137.629476
58.053276
43.498875
5.986711
2.251252
24.398251
25.366051
132.290970
16.432742
131.719716
38.202987
24.327346
46.378859
83.286816
41.442856
42.702278
193.971416
102.728100
18.944761
4.060108
5.128876
24.766766
35.837934
13.103385
31.416154
18.062420
42.434898
63.106694
48.964783
211.631692
26.039597
98.794000
89.391318
103.025394
57.823385
6.590620
29.369355
12.603358
130.818385
8.799977
91.656571
92.903945
21.160397
5.182598
95.169141
70.235601
24.252054
83.109869
247.340627
22.622236
27.023636
5.979863
47.926672
31.494637
45.259996
61.316696
84.883437
89.538034
219.924415
44.535510
43.360596
9.069372
5.650752
16.766602
20.432665
6.157072
0.635217
70.860845
38.304221
127.784290
15.276166
78.553069
65.825087
17.007055
1.121715
44.419199
29.918370
51.233668
40.819074
91.687680
7.607213
18.370653
18.342495
87.177439
7.763008
21.256850
17.102393
20.825176
19.047851
20.441909
5.684546
31.831338
3.140645
150.307804
89.304518
222.934143
95.084326
107.571800
128.085847
71.252611
3.303086
116.089882
63.140135
46.280203
51.440591
66.870765
25.089932
2.697566
72.455480
79.738508
135.912031
2.606417
23.668320
88.634566
50.585170
81.507136
101.169354
23.737506
34.092348
52.032834
30.762823
80.414247
10.227933
155.742909
8.381337
69.038676
77.476886
31.223866
82.209295
5.202787
95.100516
47.525059
54.740397
35.985177
54.368313
34.594573
58.405690
21.083315
1.288212
55.745128
54.090640
65.937494
16.537596
84.795900
19.218832
11.302282
60.520477
63.353781
145.254431
199.348361
31.154324
18.182572
11.835602
28.425203
26.420163
11.945041
36.259516
36.534661
161.677931
14.298792
51.349783
41.498596
12.899319
17.290169
45.459407
277.679127
7.989526
48.091667
3.385618
8.874724
8.092778
19.440604
32.854003
87.941542
29.958080
67.900970
113.814566
33.126848
125.444060
61.823059
71.026808
63.016159
78.518943
7.032071
160.461634
38.253971
1.794776
48.446040
73.665259
30.710242
24.015623
9.943452
42.921453
25.921103
34.738907
60.349772
115.254121
6.445037
11.730251
30.758383
10.836794
19.660994
16.428765
7.796989
228.161537
24.342370
19.898683
120.993969
66.148072
50.089317
74.199580
12.819179
94.112024
19.045278
57.492873
16.341694
5.266642
2.768531
7.794101
64.117354
7.641635
41.664942
4.507424
53.412353
43.835582
54.191905
16.358210
178.162705
46.181347
87.324868
73.475085
35.279483
1.118050
61.127354
78.873612
64.887717
29.656153
57.998572
77.199234
48.263029
98.944560
54.426984
1.228458
45.946846
1.102157
24.595733
113.037939
34.912662
118.712591
36.108247
19.238025
40.525207
52.451849
33.104936
149.424366
14.619948
101.764558
76.544916
34.402967
2.536356
27.857102
36.637425
71.585485
30.094656
198.067384
0.983666
82.272632
7.154668
33.976353
181.128009
11.919720
27.162442
152.540811
2.577945
22.896752
24.752594
152.684183
28.399496
6.386785
2.410532
140.621800
33.630079
31.826510
100.055481
13.277839
137.143758
1.395412
7.459125
76.694889
17.888683
18.275038
127.581092
80.547032
62.519756
31.962059
34.114316
24.875855
22.952341
53.725804
125.306254
100.507494
40.116841
30.054994
12.251189
101.081694
2.959748
15.982276
29.774034
3.530110
38.046081
8.559984
149.125069
75.541896
31.965953
109.731374
60.027799
14.145489
79.601837
2.371947
33.360763
11.996940
1.512793
0.003518
90.818669
20.133623
4.342981
18.301578
21.880077
7.179179
46.172155
119.107197
94.772469
61.498977
26.391952
85.518144
70.936012
22.230176
113.531119
44.354580
25.337127
23.014820
130.262664
9.677790
14.009883
