58.709236
69.514185
5.607530
62.120983
39.695792
50.412161
90.254837
19.858181
1.275878
45.956125
92.594159
3.042790
57.950721
84.949922
17.036736
48.008535
53.573000
94.445297
72.204250
54.879377
75.735715
59.620386
71.843408
33.358845
34.962109
86.132459
56.501453
84.245941
87.725512
76.079144
35.640349
95.103302
10.199241
86.412890
82.257126
41.215723
19.875820
70.352899
60.374858
45.780849
13.001646
13.771590
9.324204
39.167547
18.210466
58.520287
34.085257
26.443304
45.039453
29.462969
56.732748
81.357214
39.175524
20.017129
43.288999
1.077908
16.108226
22.685216
65.679065
27.685085
56.711813
47.375283
43.443477
2.023060
6.817668
12.450213
73.361135
55.188427
33.218277
88.095110
19.319946
8.993564
24.791779
14.973143
52.390320
24.234566
89.788525
91.198301
83.870645
55.153835
82.048428
96.248911
42.051314
91.156521
56.811304
23.375435
58.140056
10.980675
59.730718
94.883206
19.109795
69.907945
99.411277
19.744418
66.986330
72.445492
96.909684
83.123116
77.733775
4.953443
33.797261
6.305790
50.758989
90.999758
93.130655
37.713756
42.660158
16.113730
81.044902
76.620422
28.191954
95.906047
83.824390
63.095656
74.856979
4.588078
77.345171
95.556298
88.512985
12.215746
59.124998
96.380897
81.354191
38.625935
97.423164
20.545870
6.604184
2.109509
28.363454
3.688348
79.167429
83.318238
73.017056
48.317760
27.841552
54.720276
11.383189
20.988004
3.127117
61.546109
40.228658
32.239555
61.475380
68.897959
10.483169
42.668785
2.539252
20.576626
28.103721
63.575102
64.255252
76.609487
78.904726
36.089854
51.216877
36.956432
90.722235
96.319592
38.438330
73.844394
85.064424
76.688942
33.361316
91.044379
60.064575
47.197123
85.751756
84.774998
99.504772
56.981160
23.166503
30.204924
66.042747
95.965965
75.990343
7.490381
61.941230
85.612982
52.543946
87.525065
68.600045
77.797521
80.853159
68.364955
69.862371
33.904948
64.596404
95.686663
77.455750
49.844566
58.940715
70.988463
70.044196
18.130320
40.808629
26.766048
5.152180
78.472713
57.830590
23.495549
85.262008
88.746766
86.624722
65.709013
3.923494
36.876849
37.423182
85.634637
15.405822
38.746823
66.788191
67.000084
9.314615
20.867686
34.086891
87.149110
7.408938
33.508377
52.550908
34.373879
69.902729
14.684704
48.331562
44.853659
61.978607
74.749246
74.154889
51.066642
43.865284
38.855632
91.498777
80.976625
91.740649
83.929058
91.741059
52.744007
5.540230
24.247056
35.568155
59.580449
81.378630
54.386336
74.245264
40.895241
58.893690
98.630774
84.833573
5.184859
55.966023
80.015036
53.388863
87.125654
53.235697
18.900687
99.761401
96.659812
68.858301
81.534675
48.450571
5.674132
72.896017
26.441187
8.185517
74.874862
77.118237
52.865570
90.722411
57.068114
68.508266
31.412572
32.985562
47.616672
17.592802
21.035897
10.723788
32.143581
61.806456
23.204031
62.374947
48.893958
12.686756
82.075896
22.474477
66.910920
93.532130
3.778660
11.777900
88.187123
20.538193
65.556351
52.799004
3.316547
14.635081
68.622267
4.496402
36.219134
71.396365
37.675694
58.416089
66.577319
47.997330
61.369335
89.170467
18.462847
40.739280
45.634322
56.744442
82.408519
26.778134
94.068219
66.053492
50.446147
97.674829
80.107111
31.196023
83.934092
10.897379
45.172286
12.339613
48.405384
8.666972
5.877725
22.758826
53.773421
38.935826
80.015836
29.276707
76.093706
15.215735
66.428784
86.015011
24.819044
57.255927
0.233279
16.937304
14.705714
72.416260
59.745813
38.688712
39.754057
95.985387
74.727014
6.961675
69.338375
12.424389
75.062578
81.274405
12.605843
15.059161
63.605198
49.051102
87.603977
65.137113
10.733545
29.535392
34.664370
39.056064
69.907961
17.008728
15.731909
64.776689
94.670697
77.795324
91.094409
69.584754
54.658326
26.892501
12.825469
27.078411
36.832096
51.861341
64.600305
82.814461
66.810556
29.313017
26.069716
44.948512
13.259042
16.517187
45.067400
35.452139
67.506277
67.247720
37.467300
95.636813
94.981132
74.057393
55.854532
5.716042
36.638455
92.796023
7.860661
20.004620
3.412800
58.590520
72.358153
74.897058
56.633232
32.326502
6.402483
57.179408
0.912840
58.613458
97.020009
43.937267
51.660243
44.031106
76.481677
51.774519
78.206995
87.284855
15.566534
1.666029
79.106312
75.659664
73.983421
45.757679
5.429014
17.059060
44.156633
29.055154
14.808739
92.377369
29.576063
84.478581
51.481142
16.457174
43.843825
78.123857
61.992986
56.526759
59.024022
86.219570
99.336630
29.996592
44.341887
97.524864
26.279048
93.726398
18.966608
62.695642
71.974112
43.946758
87.247095
94.236851
24.924330
50.895674
32.609215
2.919331
68.375953
40.766437
92.905540
15.955397
44.596656
21.242151
34.339129
44.726684
96.522455
83.959502
39.409512
72.845096
98.509758
10.114209
40.703714
67.344627
56.622149
31.122229
58.344214
29.052060
98.584567
35.459373
34.868396
24.706579
70.204207
97.487567
75.103194
23.075192
59.686900
72.783388
36.224430
86.475996
33.959713
24.325998
63.125862
77.471448
33.248599
39.440317
80.897962
98.284286
24.249496
40.619601
55.859243
59.880781
47.970898
96.310836
74.197887
88.215538
77.459210
2.656007
8.328192
11.982409
53.467589
87.540850
72.794990
67.720373
15.541205
63.221493
46.539814
36.213517
53.782434
8.991102
4.429693
32.043927
22.061756
24.128579
33.299816
58.356405
62.420808
52.289029
30.250741
22.096049
33.600364
76.461570
25.489272
9.020443
63.480152
21.525109
48.477952
83.341976
35.506017
3.971456
40.782802
4.354306
80.620707
78.722748
33.977305
93.653772
61.291440
62.253144
71.040050
77.688687
60.857783
51.764477
73.156566
26.382013
12.981385
61.044224
29.255923
73.821354
10.173311
87.085550
76.135696
56.317569
60.227049
72.149095
31.393271
69.815196
45.084210
29.921444
64.027862
58.805415
88.384115
0.760808
19.578226
52.185492
27.810136
39.740108
84.110217
32.197429
71.592268
84.858364
92.672705
90.753744
75.893227
4.163431
23.759688
51.750768
33.574599
83.244716
83.728185
4.060974
93.009990
80.953020
91.317066
13.350932
92.464439
1.115006
87.358754
39.488121
84.335890
99.591042
31.539285
15.219583
20.583213
18.352386
64.022693
61.837693
10.397628
33.932609
78.390356
76.358370
78.979587
34.718121
26.594185
73.980763
52.498835
78.268686
35.284078
82.694967
43.405323
99.380534
32.861627
59.825781
30.441955
71.744949
14.228582
27.542682
15.120667
58.929306
4.549696
87.224302
13.253375
5.882608
6.226143
26.567035
88.544786
68.814706
75.132430
42.543773
12.743412
85.596906
36.540035
80.128718
57.006657
74.243599
40.866779
59.610493
69.530113
99.977708
33.414009
54.242235
34.329766
65.823968
95.669533
48.828897
1.574400
69.833171
43.892193
91.730956
26.660535
59.510953
58.460638
63.793783
46.181520
60.681413
96.889180
75.359056
84.485549
6.415651
48.118653
15.207939
46.869836
67.943396
29.772150
37.424755
64.162008
74.174868
41.602443
91.722919
37.568948
37.281904
92.717059
22.960410
63.346097
53.327906
38.819065
39.266144
66.311493
81.350500
34.126278
35.423206
54.559621
45.560485
67.266980
12.100510
58.544868
18.754636
13.973876
80.285414
44.598942
45.822563
38.704641
4.468554
82.786289
19.429422
38.469312
63.244309
60.501767
62.995385
69.135588
16.976948
78.850508
35.882556
97.070246
27.557692
81.869719
21.239519
43.556543
1.991293
82.710439
17.450354
64.345025
42.911147
63.730751
71.820299
99.858952
22.228029
61.895105
40.739385
86.998081
26.991839
37.483649
86.354530
4.933729
69.155278
17.265285
22.259272
73.086777
60.688906
3.998984
91.326063
11.075958
56.254613
56.716464
42.635283
18.601578
20.862874
48.412701
89.126272
31.251092
75.073880
73.864234
15.740405
57.960866
15.294487
48.655321
23.739771
77.971613
38.270568
75.373573
45.962472
19.467032
42.124176
20.783899
36.353087
74.355604
49.310396
10.406819
93.025276
36.004895
88.598611
24.904014
47.225491
52.735839
64.919343
25.452028
31.253218
31.843828
71.152581
81.509492
51.378508
33.650025
92.724074
8.076255
54.885469
17.087073
71.727965
95.903758
33.353559
79.901739
15.663716
84.157656
18.350602
57.749419
73.916494
33.310654
66.947503
69.875106
46.666431
97.804990
88.021824
18.335559
63.959556
4.083730
83.494459
66.467218
88.179640
79.480892
10.529243
20.871088
69.294193
16.264455
3.522400
46.196298
88.663284
60.607405
79.627094
9.889910
19.205651
65.773707
13.249850
45.374284
88.557656
30.714768
40.247174
4.526457
31.831405
21.331963
76.502432
72.240094
43.519279
59.862019
29.654105
65.163371
61.834478
89.774955
80.565232
51.205778
45.378505
51.645335
42.887490
78.040705
43.713132
37.935798
49.516064
14.208786
63.751992
70.637969
22.606505
76.004553
52.439221
75.149094
91.580885
10.255922
18.162186
66.828724
18.013350
1.099636
71.123042
21.148617
24.058170
81.275902
34.170595
50.268676
38.809364
8.846190
7.744089
81.316101
59.787035
39.929849
38.620253
32.871697
84.755584
20.476034
11.052757
83.430791
20.833860
75.798917
11.645480
44.962915
54.490704
55.097360
9.709479
64.866472
24.334099
4.960820
76.592958
38.169220
50.534397
95.392717
82.401335
68.835229
40.674776
45.648916
3.102904
1.474895
84.613895
62.192553
15.557777
78.737641
95.657734
46.387524
36.257122
12.738471
56.358197
89.754002
60.451246
24.754218
43.867942
33.473715
48.796392
39.449105
87.472540
65.318707
78.384334
21.082489
95.723979
35.970540
51.936963
14.901559
19.668196
53.770003
5.416612
85.736040
35.196385
4.384460
81.678704
95.711919
47.189783
61.534066
3.242352
28.124446
76.385125
10.210499
42.190286
3.195824
89.893804
63.947024
15.221259
56.791409
93.737651
48.902750
13.430693
11.844509
0.585422
26.290596
54.554580
16.176117
81.026761
22.153524
60.162741
13.226632
61.029349
36.479922
21.350429
83.598840
81.237315
80.120497
0.098540
3.547796
90.729927
15.568664
82.549123
4.978168
93.847539
95.231033
6.348235
99.608571
32.991532
1.053787
70.190661
20.756526
85.813985
65.621177
57.333018
43.742288
29.268361
33.085662
98.226377
21.859763
48.194142
35.705099
46.389931
56.957469
79.765239
17.235086
35.903494
65.432015
74.285388
31.218042
27.404040
54.661947
84.724377
7.697018
45.467728
38.508381
32.472756
3.115517
67.397019
41.896032
52.821595
77.826720
25.934902
27.365053
67.880776
22.199857
65.682097
58.647158
31.601572
44.858170
