57.391194
89.959760
-4.345039
60.063403
56.584106
55.794743
10.905543
122.950487
72.606081
60.741871
11.857336
65.480162
12.410123
12.594141
54.230872
35.197445
31.749408
55.415177
30.126755
53.531295
69.595185
45.626938
60.512826
48.182114
35.837040
51.072505
95.381686
54.265521
94.312435
24.725275
31.369192
36.484875
96.119539
80.324668
11.389376
28.633396
34.897645
45.979256
71.966710
88.572454
67.590000
39.794920
79.322864
41.233003
79.877904
52.630167
19.627679
62.585958
24.181785
52.499752
51.969819
68.987249
70.105692
70.887447
107.088695
75.703054
19.008406
33.798932
46.704813
104.128281
68.563112
41.953950
71.013356
66.451358
53.234790
-18.235925
87.536837
80.872328
64.309059
68.905779
21.376693
74.872305
60.838349
-16.370831
34.184809
105.859003
48.362911
82.666350
32.916959
-7.428208
59.154540
44.532068
51.027826
5.040238
66.903039
50.067557
28.818975
66.765859
85.914477
82.390582
33.452900
87.979115
35.208486
51.678745
18.967136
70.884744
18.823300
86.910720
72.039438
48.022185
50.065809
64.118961
40.950167
8.489637
96.556765
89.818073
68.140737
15.656472
45.416188
60.799025
37.049035
84.692452
59.534769
42.310542
31.663559
49.322591
64.825935
39.956883
23.399993
28.640786
64.351502
107.071324
64.431432
63.139428
8.948872
22.405747
42.101127
53.680152
25.374900
103.242306
32.057426
32.831312
66.496241
64.337622
39.973513
6.012597
35.846089
96.307401
74.036941
20.251985
54.415332
55.021979
43.472320
100.274461
74.420537
32.466897
46.272084
70.972400
33.556843
68.966633
60.516927
136.709924
49.456110
60.832672
52.224010
39.946146
23.917206
26.895004
18.654048
32.475175
93.613300
37.185604
40.814082
63.968546
50.682780
40.994676
70.593184
33.484374
97.137588
18.869748
19.638159
64.271476
1.255518
37.954666
69.505100
39.897812
61.523553
85.444229
55.561421
25.352436
89.675727
21.219561
35.135973
40.999286
57.214136
38.092227
71.810499
68.836814
65.366532
121.410918
63.107383
31.817494
48.357042
87.687828
78.608744
35.008033
23.025402
29.243030
52.187546
61.976497
55.293399
110.838545
7.653165
44.214147
44.630305
45.174789
-3.153643
44.555648
71.077919
34.241573
94.433220
76.322751
25.154423
74.445213
45.237070
30.327068
37.820736
16.047443
56.873021
60.529691
38.296030
44.073174
56.374825
67.783106
86.649959
72.426668
2.908077
61.134294
32.921616
36.772200
110.238183
36.430496
43.529088
24.841110
61.925936
44.121024
69.753794
43.251112
56.753826
23.484315
43.449060
52.275150
-17.173085
19.663356
10.322053
57.938523
49.911420
33.432632
77.862893
48.932355
25.217875
110.933679
45.713561
42.087996
73.390243
32.267683
24.509506
17.525367
68.976936
13.719423
45.748155
105.945983
26.274500
63.909231
28.056094
20.314031
64.944195
-19.306297
45.151942
47.159896
56.693347
39.413841
81.859951
37.546835
40.538530
14.412055
55.767421
94.100467
56.213831
89.025193
22.443092
35.641720
65.849331
81.301593
77.653805
23.867162
34.287334
56.027490
57.048668
60.687826
67.422738
22.092850
42.666756
44.921273
20.517835
92.801282
20.265218
67.348211
52.388185
58.432415
72.148048
81.484947
32.096476
38.851668
44.761736
48.820282
63.452356
39.631422
24.693905
27.889512
67.173967
54.682448
55.895046
54.387188
58.603566
63.167505
38.237546
20.078608
66.683428
39.047794
42.436618
98.640593
69.481231
10.286199
75.342885
72.480512
22.880749
50.815248
38.323252
68.872855
-1.147561
71.728414
34.961525
61.595551
39.867591
5.104845
72.495792
82.368061
77.825524
27.276163
61.314957
15.478191
116.859844
42.791959
8.751508
56.476328
24.963928
48.203690
46.665154
43.054470
105.381977
54.236513
54.378632
30.761011
82.407788
27.382069
65.578941
26.089179
53.012729
13.469987
46.085397
43.791542
18.855268
53.049648
91.124223
43.268611
65.949734
52.382848
58.907550
51.408704
16.797164
30.415011
-39.364769
62.961501
47.869795
64.267544
34.810808
75.116739
49.851574
20.398844
6.434996
37.980060
50.103421
40.627265
38.343140
15.213416
27.317513
-20.448659
76.648148
82.135803
47.870140
10.161423
25.884134
91.052229
69.751915
83.229313
62.485039
22.198185
28.062302
8.747279
61.939596
61.671083
41.067913
57.056643
45.628380
57.777119
60.818943
20.928071
35.332849
74.654544
9.074972
66.408144
63.998787
48.307319
37.956450
69.129883
50.294918
42.441387
67.604873
66.343387
31.372335
94.222467
56.849496
25.425349
69.837740
68.051606
74.877866
42.400820
40.995268
26.110388
37.568095
49.608858
44.627045
37.848604
-7.376866
38.365179
81.855340
115.349761
94.925198
53.177068
94.599006
28.087511
45.080243
77.639340
28.390865
88.346675
59.287516
31.670817
53.695913
78.718429
53.720192
58.232948
64.360579
68.208336
54.098093
66.847787
29.108053
54.202618
39.671546
64.062052
62.908098
67.232958
49.570208
56.149885
31.581037
43.357009
92.155271
65.536191
88.968138
73.700539
85.423676
24.788763
53.847394
38.299148
43.614107
23.352832
104.285919
40.231135
92.070680
37.810781
88.332084
23.026206
28.357290
42.386629
58.361481
67.666145
55.102296
18.549117
95.337621
6.207831
42.323633
50.338576
75.237563
24.086135
36.611906
38.770292
66.631509
0.079000
74.861940
42.250754
67.043192
76.707652
38.863835
-0.015702
11.346928
78.630638
62.140429
60.012431
88.144284
21.255546
42.343663
84.701314
52.133455
48.524175
35.287309
45.859838
58.415671
78.999806
36.744656
30.546206
30.765168
42.383076
29.040382
59.631997
43.848946
16.507435
43.642385
46.003210
46.274575
80.051952
66.528651
90.605024
13.220777
61.473500
25.020318
83.778026
30.585675
87.511822
63.678194
16.603916
99.955433
43.836045
102.426218
31.210689
72.679276
62.049763
43.779383
45.358143
44.080106
97.836327
64.981952
55.329850
65.369418
34.479185
54.231319
72.770519
52.594038
106.325506
28.749137
39.542650
79.720426
57.754252
31.381404
46.716436
57.299598
90.221356
35.147996
53.608315
-10.880522
74.036887
70.634532
106.821329
22.026418
83.371841
89.859004
31.539088
65.549761
56.625768
45.695179
-18.675268
67.943989
63.803615
91.831089
77.035568
41.048275
3.045329
36.806659
42.152507
28.609166
-3.314944
34.086433
72.354577
67.421515
51.550262
2.224980
46.709351
40.647320
90.679410
24.112441
57.964366
21.415218
22.812836
111.171282
53.464386
59.329748
20.381290
21.473999
90.329130
79.263930
22.247749
84.127669
40.372232
45.473626
106.185731
59.503267
107.033374
62.057213
-6.950131
62.650046
83.384966
50.810100
104.098550
59.372312
31.885553
17.003567
53.773974
46.349669
48.199974
51.984452
4.385546
32.485796
32.297220
81.386964
50.401766
66.703319
71.618113
6.181152
104.248471
55.607171
25.071031
48.137547
41.277655
52.670495
37.359166
56.722242
73.574800
47.421712
55.549645
20.752731
24.717856
37.297476
3.486323
30.681673
65.269527
38.338872
48.359798
-2.233053
47.708940
59.186574
-6.430267
31.688375
58.011394
14.281545
7.838310
66.297213
59.157193
26.105494
62.045686
45.626812
124.797446
64.859307
54.069874
56.943130
73.247274
41.712884
52.033867
37.124810
35.922138
94.009755
59.902272
63.722139
19.739075
29.643559
86.408244
65.805897
11.983557
25.495214
70.978051
-3.680446
36.310235
27.607062
20.939352
87.384954
44.852217
47.538741
32.912454
73.102792
7.865274
45.232873
49.586519
45.332831
56.202373
57.105924
51.630644
41.789247
33.386957
53.980222
35.198303
34.146405
29.233845
50.021664
20.146774
51.381769
58.571871
17.527512
46.832523
21.910579
16.933781
48.053402
80.937774
64.616855
35.158086
68.468367
43.510537
74.116160
26.133263
37.584764
59.017121
7.389376
54.574279
36.929096
94.522849
48.142225
23.896358
14.719541
34.454820
9.068165
48.620531
76.389765
26.757534
40.775132
62.062684
60.035738
63.171446
56.787812
58.280336
76.157669
90.533909
50.791494
51.888383
25.100516
35.348621
5.913985
88.660483
59.450195
48.828664
19.434338
31.190669
66.766626
104.311158
97.583844
65.480837
62.659154
96.318059
85.053866
24.300029
26.752519
47.218108
74.856541
33.980083
7.276289
60.257527
34.032510
86.964592
32.688377
39.670406
42.138935
24.840379
56.241174
32.471427
40.336200
42.531357
-6.611620
73.777879
42.684412
66.236718
81.759678
23.388585
55.111533
45.860269
59.558401
88.786247
56.265336
51.090468
50.963643
18.582116
47.157013
62.050496
27.637110
-10.469359
85.881333
43.194064
57.767643
35.861852
82.353036
73.955366
45.684674
49.939955
-2.216888
125.793371
22.848415
77.307669
50.879021
57.619422
4.365843
76.425117
43.572816
3.496471
66.158009
76.247013
52.888102
77.991581
23.671212
62.603273
26.441428
36.535225
18.579970
81.645972
58.943046
46.716887
108.868472
34.220653
23.597873
84.365983
6.622095
46.869812
38.929429
27.698643
47.166374
45.806326
14.831278
75.161533
78.146434
79.036478
53.070591
32.147756
57.705751
45.422162
26.346580
59.895013
45.615229
19.811329
34.905654
38.040012
72.383903
36.276236
1.869358
49.455209
95.060579
31.505898
55.526620
96.846183
73.516828
77.111735
3.474973
45.735926
57.556277
40.366263
62.362210
17.018784
67.549977
40.508592
34.957611
65.074552
61.641284
67.280665
49.254497
51.526614
43.947106
58.661841
32.619812
73.404643
30.611584
26.198852
56.171563
47.892126
64.658118
80.027106
19.106202
19.455517
11.727527
13.010426
63.035326
64.012791
56.048874
41.007125
40.695707
65.103831
50.734145
38.209369
62.884460
51.077413
43.175504
7.541066
72.105593
60.710116
31.496781
23.931621
20.302823
49.679312
58.189346
22.579010
86.535272
21.085418
81.367002
59.588086
6.225217
54.141325
-14.125541
34.162893
58.854229
24.483989
101.196226
44.443881
63.936303
123.827735
34.956492
47.745388
29.581500
41.472616
104.013018
47.007745
44.923263
56.759730
40.070201
54.214349
-6.158139
91.042478
29.896667
97.325033
-13.409087
36.387113
45.323328
90.512587
22.181496
37.162529
84.675355
44.619864
82.376454
8.919517
53.923434
28.964248
40.268197
59.729663
55.453759
30.306077
48.680963
13.771853
30.478258
30.773627
70.933891
60.027597
37.715308
75.803008
31.133189
31.468399
56.409082
52.271333
85.368167
39.097875
105.646528
9.233428
52.672103
65.122164
35.038966
40.549735
79.507787
32.733188
35.181161
34.550428
63.492433
48.364211
44.820843
52.944990
38.563852
34.942332
72.533178
-10.870046
79.275495
76.030452
35.879609
63.306713
74.167401
102.663004
40.769966
54.945861
49.881695
31.061228
82.994280
57.952745
