13.684123
16.236970
21.418249
41.207945
27.847732
12.811802
13.055124
28.012151
10.314784
36.657365
13.467696
25.682517
10.150006
155.898105
51.684969
12.587035
164.519696
23.106943
13.463215
19.629665
28.875542
18.736274
11.388121
18.750767
10.098072
99.055210
11.443839
12.853317
54.475280
59.750555
57.837408
16.208961
10.771782
17.777697
14.055361
12.191770
12.161438
19.689135
16.696020
14.013343
12.196603
13.083930
11.688056
12.100258
122.956378
18.301769
10.145295
14.169749
148.751219
17.146958
11.710229
54.621685
12.265822
46.309547
24.381849
11.147506
101.664576
21.282804
11.914379
10.166101
52.893318
18.088668
51.465374
100.338159
10.475060
13.991465
22.525482
19.274103
33.526103
17.124007
31.073977
27.416517
10.610475
54.966277
31.688204
33.713162
1317.689038
17.166693
19.450613
12.533356
11.193342
12.867070
25.527010
42.198938
23.288897
159.137178
110.045400
74.529737
21.190861
11.972369
42.404552
15.182701
10.128084
12.188795
49.166103
16.574575
29.876974
19.491928
10.242297
85.598283
111.057546
11.881559
15.058794
15.915855
15.194657
25.654864
22.850557
10.447527
47.995996
10.379187
14.400223
10.517050
10.566789
10.247190
31.048279
10.072387
14.311225
21.884267
1462.782020
32.360056
14.769248
15.442338
12.958275
10.286201
62.722120
48.145937
26.062719
20.064954
69.413768
153.158646
62.610214
29.521106
36.052080
114.563510
10.920796
52.067658
12.463057
29.640947
725.368291
13.204922
12.660454
20.730102
50.847067
10.518515
76.598962
24.793560
12.741927
75.618989
12.823862
18.484824
26.561447
19.716453
28.351583
13.582691
10.894688
14.064988
11.310871
15.439883
10.759623
11.520094
74.717809
10.017846
32.476236
10.729264
12.233787
13.601382
11.461271
16.146861
12.129132
10.302794
13.935843
66.058697
13.237578
12.403732
18.185850
79.344704
12.682428
16.983558
22.385481
11.994603
14.372367
18.097238
17.830934
19.824882
22.693500
18.142832
36.447324
163.613936
33.740492
13.104270
13.814787
33.671436
16.280704
12.255303
33.369088
59.369278
16.800654
16.199741
15.886045
67.516707
13.791656
52.622955
10.986344
16.051861
12.268650
13.111976
95.213578
13.753326
10.414340
10.040665
18.713334
16.038945
24.601612
42.133613
64.791490
15.698059
24.139264
15.464499
36.832492
54.966650
21.620447
14.659007
11.215781
28.316115
15.890476
37.208497
52.264044
10.786836
10.082968
17.822986
24.475280
12.396925
27.639519
14.386023
43.636913
11.507930
35.085021
25.252459
11.554587
35.430638
14.450620
18.062556
13.612335
11.279186
16.757356
12.772239
12.688324
45.670255
10.045477
11.928842
15.666437
10.624539
28.096075
97.672533
17.865365
59.940942
16.732477
17.127605
108.082759
13.236682
13.177131
33.491676
123.759568
28.513770
50.825623
40.047183
129.131721
12.594680
13.729405
11.362195
17.804932
18.507191
16.567126
14.070675
13.522681
11.279803
14.488557
53.407409
53.501375
17.846400
32.559280
45.469556
10.311766
36.939165
17.727151
178.205885
47.043433
21.586477
12.611341
27.815015
20.754020
38.374005
63.151035
11.197612
22.036658
15.710751
27.550021
16.478260
20.633665
12.830000
17.511280
21.061049
11.253936
10.333850
118.222148
12.544691
23.425740
57.038342
10.709771
11.594150
28.591087
12.283113
34.625130
80.223952
20.573264
12.464949
32.357073
14.989669
11.464739
10.387862
22.509445
15.298084
11.666842
10.659209
19.632696
94.422551
32.543687
10.181712
13.944131
50.547992
14.572397
47.259258
16.123237
11.902838
36.980925
16.275641
78.973958
124.813953
43.415094
10.919969
12.479667
16.788220
10.620396
28.411653
16.352462
15.662632
24.389151
13.866543
13.151502
11.198105
33.530716
31.375097
62.579946
12.347252
31.343842
36.666010
32.517670
19.367967
11.754768
18.607055
10.471326
34.064446
14.737999
28.385057
14.355472
54.360436
12.707364
23.932571
12.162748
20.526467
21.210574
55.298949
13.442262
41.391056
10.935421
22.461274
12.879899
60.814513
497.975865
16.836661
14.329401
42.316773
14.642140
14.204692
84.994318
21.391891
11.548187
24.413907
23.738220
18.779618
89.770354
10.560728
10.868688
10.386004
14.610781
19.232601
31.034247
15.235812
19.430870
87.583087
15.700725
13.890111
18.097764
12.695548
48.565167
13.255695
69.666166
31.375025
21.482305
12.043577
11.973516
16.346182
194.544488
12.438116
10.266544
12.625063
52.912735
18.057778
71.526494
250.702118
183.248462
14.224524
13.739742
11.363207
14.350183
60.747248
14.983848
21.204716
20.012073
10.241165
10.253237
12.032639
40.531281
21.765955
13.122985
18.693781
12.780783
10.008891
16.667380
13.258055
24.804488
10.792447
15.678102
10.174159
290.695036
10.834013
43.440707
10.971636
22.989685
24.199197
42.471462
32.582360
49.580020
91.238178
20.211500
158.145428
23.706664
11.215873
12.656170
39.902226
10.077883
108.177556
15.820003
22.780907
60.075435
13.671907
36.864764
19.561557
13.194312
16.024499
10.382069
20.142631
12.828193
21.617607
17.691234
39.138215
12.500015
15.028575
13.585533
12.468578
32.969392
18.657412
88.793883
12.766847
11.909642
32.356219
10.895201
19.213917
68.734751
17.108406
13.349377
11.120900
12.108635
13.537366
11.259447
10.058885
16.173504
21.562357
11.762586
12.530378
23.142493
39.769808
18.719856
109.319003
12.703430
10.665855
75.878948
104.402019
12.091122
18.159168
12.331642
11.750496
57.934188
19.350291
11.697936
16.349539
10.179553
125.684723
21.282352
12.023039
49.899590
12.017180
20.918169
11.511860
13.756247
30.937964
20.294160
15.910023
12.445363
11.534205
12.677135
11.256227
30.002320
18.201992
32.944674
12.348241
11.971253
28.067929
453.952271
13.132808
18.135475
13.562564
432.467155
13.424854
14.189109
16.318203
21.857079
12.816660
13.203729
38.837000
37.958703
28.252862
10.723647
23.290221
10.660966
50.883773
14.147198
38.219309
39.822587
19.049358
16.515968
67.341276
18.249989
48.390404
12.038379
125.455137
17.613906
11.879512
10.212088
54.573478
66.534511
14.367597
18.780839
10.250517
13.123834
10.603223
127.275381
17.039824
35.911105
16.288334
60.257864
46.881381
18.697276
23.581412
86.750469
41.081119
11.167318
11.436295
39.282445
27.885392
44.782390
38.904250
50.236066
22.650812
18.239161
13.424870
11.042948
46.247070
60.502131
10.247435
15.584408
31.352301
17.860739
147.443199
19.587357
14.140566
11.456620
76.281036
33.645504
10.755466
10.469905
38.911622
16.756927
24.668601
30.095082
18.650185
18.203746
15.378171
946.228228
10.559655
10.129668
11.454785
15.396061
63.745995
15.376145
28.639357
49.875393
12.302318
14.670242
13.769989
31.437880
22.087394
22.440976
11.122309
550.940683
12.681005
13.180656
36.409981
10.405965
11.964224
14.143002
14.674604
20.716006
102.739575
91.306541
18.359757
11.731758
22.824539
10.230929
14.215808
17.760170
15.745542
15.294221
17.949073
11.831292
24.815202
12.278343
10.077764
10.021373
43.037983
11.374476
112.954388
43.113072
358.042397
11.625807
24.092710
10.027558
24.053953
25.689053
10.723008
10.261724
10.012841
39.460697
10.576665
418.504595
82.819123
21.111487
16.271552
12.690655
12.658853
34.785985
25.082832
46.758226
32.721788
52.163499
11.376350
24.362369
20.117853
30.116110
11.177144
102.402470
36.540384
24.666182
120.925838
25.969247
13.550128
10.922902
12.907723
14.612103
16.582043
18.604884
14.558534
13.785849
42.010277
147.550464
29.772751
10.357164
19.284254
12.212915
14.396084
34.139205
22.208508
37.047045
786.283062
36.242508
14.317114
36.603288
35.536161
18.084953
12.094519
15.825851
25.158321
23.249809
21.792543
27.749299
15.722787
45.518471
33.991127
12.464234
12.711440
13.792010
12.255854
17.797847
25.419397
14.170349
31.078316
10.678381
14.069388
23.616881
33.339121
35.615426
10.280975
14.367752
12.412733
10.702150
10.497545
32.618264
11.797853
10.362796
28.315348
44.453266
12.415831
27.759872
60.720670
10.953853
22.927987
11.224519
20.867391
13.840995
11.535492
11.580211
11.708325
12.484413
12.432133
19.798512
91.695177
11.695387
37.768832
11.352298
53.279269
15.623503
14.912336
31.578161
100.371220
12.850857
32.061258
31.689270
13.364913
36.019880
10.594331
17.382027
13.379623
60.171510
11.065404
18.975485
11.289323
10.292456
16.207522
11.914783
30.065408
41.350139
81.008968
68.020095
12.346927
12.658862
16.304880
15.592464
57.913462
20.809568
28.249965
17.731057
11.648965
33.419712
27.262173
91.353581
10.866379
23.325379
10.157997
19.687882
16.002502
52.829675
13.941685
226.959906
142.501339
10.006498
18.813537
10.279632
10.383888
62.698921
11.180148
11.003829
15.593486
11.513030
17.800360
10.839432
11.207577
18.066149
15.175026
19.468748
27.788593
800.596471
13.123770
11.994982
13.526531
17.040958
14.208976
12.005791
17.059713
8400.989742
18.084725
28.403515
10.435900
11.929931
21.449212
25.118469
16.893131
11.114595
13.244064
23.954450
20.808368
44.358613
22.510062
118.431184
10.398687
31.408009
11.948066
15.581058
32.400538
16.670891
11.438833
12.758687
24.551654
39.298245
11.902950
14.462168
23.721307
12.208694
36.568209
18.820336
46.958476
12.916984
105.902545
10.273674
102.274433
12.195836
11.727545
13.780127
21.968589
14.835095
25.565355
89.246654
47.455152
26.508058
22.042833
14.139580
28.870442
15.470830
25.116225
14.554031
33.209540
24.746311
16.343235
14.305212
14.300791
18.751753
57.869522
10.047429
84.630210
160.182885
205.609781
88.747408
40.822779
38.484465
12.038384
25.110612
19.969373
17.083429
11.218316
14.422870
54.958588
13.394547
11.692054
21.105527
14.107138
10.060687
11.492515
46.482307
36.554612
38.637647
11.831651
28.090662
19.489097
49.817992
17.778438
16.529414
14.828362
25.830992
11.504443
12.808254
12.686526
21.466593
17.341658
19.702958
14.212383
10.022586
33.776732
344.319897
11.172625
21.485875
57.131948
11.056496
22.109224
46.620855
97.733039
18.797773
11.607008
21.966462
12.268220
14.843033
59.209025
12.041785
18.487095
20.060263
18.975192
22.329156
13.642630
31.097025
33.373024
10.852221
34.434422
47.918718
15.663594
17.938569
10.032345
39.834820
19.138911
33.195405
43.786444
10.449153
16.099971
25.551048
11.379815
12.740616
10.698421
11.989927
15.047854
86.796609
12.722100
11.912676
13.049719
32.977266
83.676270
44.457925
10.292673
19.278575
15.631432
59.480372
21.226405
13.620226
73.530274
17.304074
13.836067
16.054994
10.547778
12.855678
15.214605
13.906726
14.730539
113.077301
12.571558
