54.897269
44.910596
51.285959
57.714214
46.235406
40.477017
68.485431
44.381372
40.971393
42.840772
48.405511
42.600652
49.544704
35.316786
51.976473
43.850019
49.415638
51.933426
38.556640
59.694539
59.806007
56.628366
61.336576
41.255948
63.443948
41.643881
51.442523
55.096212
54.263350
35.923639
45.382549
93.876287
56.938532
44.333044
49.747261
36.197840
48.177479
59.763262
47.245873
88.356473
79.078025
44.694602
42.970477
54.172748
31.238654
66.052632
67.237528
48.019603
78.947740
58.633868
60.782231
68.665384
57.646084
52.273079
60.587806
37.583235
28.072271
40.710723
49.069258
39.497701
35.163776
65.867166
56.869570
43.120998
59.233633
31.146419
76.996074
72.468763
51.726863
69.580861
39.807578
36.277614
44.345943
54.638702
40.050553
43.561112
51.259728
76.661585
33.617979
54.270498
49.474886
54.180584
34.364976
46.023969
66.071168
43.962815
33.234897
89.173853
52.881884
44.705367
39.378076
73.290761
43.970721
69.456905
40.434889
44.542910
62.063636
57.003694
58.898930
42.847256
65.374948
44.967741
41.885380
70.008704
69.663331
31.617472
44.156304
54.938705
36.990015
73.721972
54.274126
46.145425
40.045050
64.686197
47.554045
51.781646
36.458764
63.834878
58.048190
62.110073
46.875774
37.779009
48.144697
53.991589
44.474484
34.047567
46.061299
51.020145
39.146219
35.213391
36.457009
47.989157
58.711192
47.262492
40.910638
41.221307
44.196603
42.074570
80.570693
51.319418
49.074875
60.467675
64.887817
49.183186
55.633071
41.176815
36.785267
52.964184
38.943812
64.164627
54.347546
75.054189
39.525168
41.230615
52.294011
44.675738
43.058419
47.415087
31.904805
55.732581
28.605099
74.616872
52.660370
71.743071
57.218766
55.076722
65.073944
39.116812
49.472345
49.829566
60.306008
55.826688
44.992810
53.287488
39.969062
46.959452
38.143204
75.961779
46.159912
41.252331
42.283170
37.224748
45.730508
43.600367
43.132007
48.246724
34.005671
42.809887
33.104451
39.822571
92.214264
39.871473
43.022134
41.033436
73.485700
56.424675
65.300342
52.137613
47.155666
45.377509
52.830252
44.226057
42.737185
63.550782
56.801696
44.180275
46.844342
48.472171
47.298404
54.404886
31.913961
34.328831
58.769963
38.308390
63.319903
48.937354
45.740538
53.317778
37.467418
59.159082
47.697487
31.818334
55.103204
80.789904
48.249931
51.673246
74.542501
59.131292
65.845472
46.070662
69.156111
61.587699
40.703932
59.231463
67.217082
49.403260
67.561218
56.283357
49.048911
36.045699
41.964815
58.328632
50.157880
54.303846
42.078188
70.791100
40.255348
36.660143
43.430331
48.898352
47.477368
43.753821
75.055597
51.509335
30.132001
60.896940
37.813670
76.334878
55.342428
45.417205
100.427648
61.754392
36.242798
69.076245
56.508136
58.613839
55.927369
72.542778
49.431174
48.984832
54.721759
72.544230
64.091952
36.704870
59.521696
42.704786
66.070528
42.236318
36.699870
61.835924
52.944950
45.497437
54.207111
61.079016
49.774433
51.119766
41.518068
44.757396
39.415038
37.435097
84.640321
43.626189
43.563840
40.418371
50.068211
44.525210
43.663883
44.079213
46.648926
62.379867
53.678873
74.039754
40.968680
70.778111
41.390535
36.070273
39.936493
39.793818
66.809073
47.055923
52.702575
35.312882
42.586838
43.498680
65.703659
57.813527
47.376103
63.960888
42.518490
51.214833
60.242882
51.189491
59.081619
44.531577
36.340884
42.004838
43.953940
36.257276
54.535931
35.654124
50.685636
42.239619
50.114533
51.517563
66.457081
46.079449
42.924442
47.332882
40.691152
45.012949
55.299096
46.780869
53.626765
41.149187
53.413995
48.306508
40.765545
55.252708
60.838039
30.594957
61.637319
42.296067
63.819833
55.605513
36.062694
67.187508
46.640582
57.713872
49.754320
43.918609
45.640383
60.445066
80.503905
62.538337
41.083371
40.711998
67.217221
44.186852
60.065532
38.795278
49.821473
50.115706
67.230000
42.394949
40.660502
85.205798
48.368519
55.654831
79.778888
41.459723
32.029220
43.132024
73.524479
69.427090
61.076938
33.640461
38.768982
54.090591
45.611569
45.576257
46.188637
65.444406
39.596469
68.071591
60.358420
55.578630
79.969927
43.704500
36.063643
54.219502
65.101884
42.452233
51.576032
43.624310
74.512818
41.098585
38.261093
63.325591
50.395200
47.634345
50.042694
47.018802
55.104810
72.380333
39.875082
35.331643
46.053921
40.658822
50.432462
38.282652
36.526453
57.974107
46.344462
80.116380
53.424820
45.809566
83.258641
51.226527
42.705799
35.791377
47.685655
56.943984
40.453946
43.320317
51.720958
44.732833
32.589609
49.806697
58.896468
32.293960
35.220711
57.545534
43.410975
67.927655
46.161255
64.066313
69.774177
32.580756
41.927776
50.711774
65.832153
52.893614
60.771514
67.416521
53.238098
80.245006
43.753159
90.274432
57.391529
55.704990
46.993372
43.006652
44.971858
46.416890
43.700900
67.415830
30.956049
43.225994
54.475515
45.324166
69.824282
67.329269
47.059257
39.863883
46.131889
36.490077
60.954979
62.211308
45.816324
50.677123
57.030530
53.721227
51.684161
54.853672
48.393590
57.306244
46.731951
46.495375
63.657715
34.758407
46.569883
42.233245
41.548160
46.071090
47.237941
41.135835
45.894577
47.075393
43.446653
48.348887
58.065257
40.001078
55.094233
56.971588
50.758561
37.669019
37.678383
57.628617
50.579682
42.085061
86.443387
86.367933
49.868735
35.936634
70.714212
92.400389
38.210072
43.964856
47.273633
84.655012
53.087216
42.184503
82.820976
52.106377
27.823784
54.576712
37.860795
54.689288
43.179467
34.279483
67.680694
30.118547
50.962281
43.728567
63.315196
54.259625
50.666499
35.883827
69.389265
63.100047
38.792408
40.095826
37.289607
56.338720
57.374383
37.504562
62.809059
59.003287
30.887985
43.694786
51.178590
54.123479
41.740808
46.389988
66.277719
43.556623
51.363258
43.534877
33.557504
55.942060
47.181738
79.494534
56.651261
51.429480
62.570832
51.312191
45.579758
52.802385
36.099765
48.628700
50.396452
40.783020
47.416718
30.804410
66.863156
33.727794
34.873593
50.854702
48.166593
41.987665
41.461715
42.577034
50.906204
30.796241
57.159490
41.060999
56.000084
45.905265
105.287028
48.646568
53.766928
62.606105
50.531945
67.982169
47.224377
70.227061
46.077734
34.838366
50.626591
71.032183
39.358832
54.262148
58.849282
42.392794
45.266452
50.421260
41.438741
70.738583
47.655592
59.865210
50.072448
61.068015
65.813894
55.295556
34.246529
58.079004
46.399152
36.639583
37.065230
61.223327
72.657944
57.796380
40.539728
58.613803
46.674029
45.692493
53.907287
48.864611
55.681326
42.271406
38.353990
48.824475
77.148434
40.639387
51.565424
44.985939
41.127036
54.858780
49.487340
40.955358
33.881555
60.121959
52.539673
54.606672
67.911911
45.056735
39.631221
48.285292
41.638917
54.243704
42.537204
46.102261
47.094605
71.502894
38.083623
56.793176
61.145016
43.384998
40.294121
39.738168
49.346991
41.647846
41.573205
69.319854
46.820843
54.899689
61.370707
53.321972
43.243183
54.699410
68.169042
59.146917
63.646129
60.134930
35.501546
45.181292
64.558395
56.771021
46.160959
65.070662
53.074650
58.053419
64.419250
39.568792
54.331067
47.562271
63.842977
37.806106
64.928067
41.763089
44.023663
49.536133
44.167773
32.688545
56.129244
34.170957
38.878735
45.871209
42.964096
53.604592
81.680296
40.927864
49.742690
59.060060
38.423972
63.399028
61.907732
58.954112
46.317602
63.103634
50.607415
41.050598
40.651165
64.717846
35.229089
61.576911
37.425552
51.538467
89.990779
73.791235
85.631158
54.208947
58.658522
50.508294
53.589022
96.039299
50.943677
53.167366
51.754804
57.042807
32.495492
63.597600
58.868091
97.474870
45.294928
38.255712
58.689664
54.373204
45.979611
38.474278
47.571602
64.646402
34.158349
46.205558
36.952388
84.829849
42.535781
44.837592
59.897106
56.607257
60.365298
44.054674
60.832619
38.277754
41.377404
48.985045
37.773808
72.820589
51.743666
43.674187
58.984363
46.478599
30.807637
54.197497
37.717955
65.445340
57.761314
48.577694
40.346032
58.304045
64.033908
53.108021
47.490158
63.670648
38.397634
58.188056
57.308026
37.784343
56.898706
47.494482
46.489261
43.482391
48.385822
55.456039
76.431853
39.325307
33.684473
45.608842
44.255686
56.442323
47.796743
88.833952
39.594332
52.073043
91.795814
43.471436
41.187142
52.296904
44.951984
72.425846
42.970595
63.617383
51.332692
57.934908
50.173632
38.532733
53.474421
53.716577
59.468618
45.800161
44.467930
42.113268
49.674187
50.408834
49.637256
54.703216
51.705827
30.243778
36.013724
39.724510
44.727870
37.944062
39.158256
64.206739
63.028413
35.459390
51.686187
39.171698
57.282235
67.272399
57.684266
56.164655
86.605311
83.321432
55.300061
73.425038
49.109437
45.071762
51.518145
74.851117
40.869631
35.964738
43.076301
47.793764
55.343748
50.756459
57.043494
40.026717
42.341816
72.719015
71.481505
54.524672
52.087937
51.069847
44.332514
43.564457
60.643001
62.655532
56.138560
37.117693
42.203955
74.117959
76.965913
47.514257
47.473499
54.193522
39.523825
49.384493
37.338484
39.276425
37.540363
53.292896
83.687059
47.669906
49.827662
51.436293
60.922235
43.060201
69.101547
40.798415
40.444944
57.814454
56.980215
66.262315
62.577172
36.618834
38.586509
67.807524
56.132074
83.403206
49.270890
52.399244
39.206434
45.742365
53.557420
55.223000
57.624251
55.117303
93.782106
47.785064
47.692313
32.814432
38.691461
47.589895
46.811628
69.302464
38.533187
38.266859
42.900862
82.622617
43.794345
49.164892
46.957704
73.643113
41.995894
50.234239
43.302186
35.971436
49.097987
55.139214
42.319241
39.589803
52.284253
33.206368
33.411156
68.660235
56.119904
40.944156
61.382917
55.963495
40.909232
43.899952
66.751359
70.297426
100.715595
50.723543
63.453264
48.595551
44.250080
55.983611
61.111089
36.285947
63.552352
60.478957
42.184462
52.205166
37.422875
54.192394
43.569137
38.838524
48.477143
62.303221
59.714274
52.937141
35.327671
45.172650
50.245879
60.741583
41.593137
52.284240
44.175116
49.369561
45.230646
51.856064
45.531322
52.094567
52.010728
46.623941
45.122917
45.140273
30.210715
54.813996
68.650680
101.797715
63.402476
51.634608
57.643427
35.885348
53.017237
44.381226
53.342157
47.506215
60.102986
53.117089
33.234829
41.242730
39.293762
57.718702
49.224225
62.273103
45.057277
35.796055
54.984100
55.637334
41.764358
48.854174
68.082480
39.671940
35.488767
45.722961
