56.469662
55.351235
49.511262
54.320227
37.658397
44.916631
45.466500
34.312790
57.811963
66.396275
30.557258
61.995790
65.183579
42.766935
52.908590
65.125268
64.281092
56.942193
42.726288
75.872328
34.065691
36.053267
65.206472
36.674000
75.270518
76.159728
60.959790
57.039629
66.600262
49.265297
38.121044
59.801486
43.004794
60.631534
52.486375
59.108660
44.875257
45.701369
46.449268
54.382722
63.480291
95.989191
40.822448
64.466586
61.652161
49.249770
50.821123
57.173503
75.054648
43.476796
50.747398
61.990402
62.749615
34.250392
67.314343
63.363413
42.973953
48.455527
36.835701
58.128733
47.124893
47.691845
56.382602
61.106948
54.183365
42.866243
80.133997
13.695433
74.725099
65.732779
37.613083
48.762994
77.395023
50.229585
76.941859
69.654656
62.566972
30.043525
61.770580
58.771545
65.416455
64.842445
44.928233
64.854754
57.329472
70.475403
74.296282
58.301665
55.906642
55.424133
55.440723
64.787713
69.757975
56.653013
51.612270
37.640543
74.224429
44.541949
56.095470
64.398358
50.381930
87.153973
68.697144
44.920793
76.891182
46.273960
59.028816
76.083736
63.620327
62.519281
47.213275
65.202588
43.704641
55.680514
51.920956
48.565876
55.603807
68.494598
59.623506
57.197130
62.954366
46.657629
47.998714
31.805295
59.154496
50.417087
63.539958
48.487902
33.459385
65.317057
67.374693
29.895540
24.454418
48.914839
56.464554
53.586814
44.343988
61.956067
77.479924
54.398184
44.726678
43.721925
61.786459
38.728288
33.262644
42.458526
56.533756
63.803576
65.723382
44.398081
47.779804
48.948749
62.668569
65.982879
69.533064
62.715377
45.016383
73.820152
20.736512
65.037319
44.351013
51.012146
51.923531
42.162826
40.429026
51.646790
56.435808
53.737757
48.314505
48.689996
57.860991
60.811936
56.565969
62.830539
65.074361
40.960354
52.814515
66.238188
47.997758
62.139804
73.870567
34.679343
62.716643
43.212316
65.837688
57.425152
55.370451
36.504733
65.046813
72.294352
57.982839
44.429801
64.389911
60.663774
47.533035
57.668682
54.869932
55.285172
68.821640
44.415133
83.962550
40.812204
54.868069
73.730228
53.233257
37.225784
62.328827
57.900785
45.010387
62.379568
45.609234
57.930280
50.479315
48.378749
57.131034
69.009282
66.534588
61.645449
53.593773
44.821913
47.399612
55.159269
47.942570
36.456731
43.865207
51.883136
63.552468
55.844852
31.443260
69.614696
68.617168
72.822056
44.265880
40.842530
49.753027
73.223580
42.621450
31.017929
68.703741
59.622561
60.885462
70.628109
48.107001
59.190966
68.634724
52.690249
55.667318
46.610617
48.915200
67.281480
36.174796
53.508608
34.136041
53.228384
61.958428
65.057463
43.390470
71.366733
54.699456
44.046650
54.776888
79.604316
39.662164
60.314114
58.315955
54.913706
55.545913
49.209416
42.944630
67.104644
64.382123
63.704100
50.622954
81.951185
54.999422
47.361879
52.090054
58.935352
65.347204
61.083021
54.216055
27.461692
54.795520
60.181470
50.730125
64.473496
61.371191
42.907491
46.835533
47.853345
66.893346
49.885582
35.703678
60.078110
43.819563
75.016704
53.842400
66.534882
76.869541
62.851712
73.019336
50.876521
32.045664
45.127400
50.581101
54.706399
50.221955
45.727128
65.280867
67.728960
68.734007
32.300341
51.368392
52.898789
62.241132
53.150595
63.012037
48.737234
45.201625
69.833983
63.741995
63.831559
47.513306
65.809277
84.101611
50.575847
67.751295
63.285421
51.656759
57.366507
63.109290
49.408823
46.469711
55.445007
57.463233
48.250402
34.469552
60.853841
51.971465
48.484345
76.673984
73.401997
50.372516
63.092661
57.874731
56.196487
55.763539
68.838426
58.857016
66.061048
39.520191
58.943034
42.826835
27.060743
43.625355
76.260136
66.283222
63.268062
64.090651
60.546819
31.984280
59.518940
46.370751
53.375594
40.749518
32.750695
72.993267
63.262990
58.272978
48.980605
64.070072
38.952133
36.035029
58.608162
57.083376
63.118521
49.596663
56.189595
63.724083
82.771647
20.723896
67.695447
42.229947
55.050825
56.605516
71.741016
75.130725
70.376166
71.546915
67.982014
71.693723
63.407917
69.093689
43.939927
58.629162
43.422964
61.433320
40.595918
45.452218
72.930278
65.479571
46.713735
67.195592
51.530556
48.367459
38.990611
59.379571
52.617005
50.197738
41.910607
75.828956
55.788875
46.804594
52.466377
59.885025
64.433515
75.356067
63.220738
54.594745
70.925845
44.957384
59.175306
67.729537
44.304968
35.420953
24.034234
58.240541
34.379405
47.950205
46.411760
37.342990
61.873970
55.585732
67.391562
45.266559
64.630545
52.448824
68.203717
51.357342
67.470094
69.006803
66.972258
71.492940
52.978809
25.135913
42.510444
43.019044
55.010472
66.108440
69.168915
51.801924
40.480012
68.322255
67.946064
55.613789
38.609712
47.889506
62.245454
38.681113
74.121366
56.648035
69.504717
60.692052
58.005968
48.954044
57.898583
56.854216
72.977065
64.469341
55.312747
65.633954
66.319489
56.539098
36.492995
67.858299
64.811506
65.326258
56.773868
63.658629
62.458371
31.384661
35.521772
44.628366
72.166786
60.338279
60.786937
60.977754
50.191299
52.559446
57.328709
59.449833
50.125473
73.995383
56.303277
58.569585
33.075401
65.343831
67.996805
43.123916
76.321039
67.053686
45.972309
52.730742
56.054608
68.025666
50.516565
71.757770
71.539504
61.783313
75.704500
58.605390
66.408184
57.720906
54.802635
68.573997
48.556063
51.719306
45.785700
65.459521
45.756848
71.807708
51.808284
72.695474
54.791783
60.156025
69.630923
66.703513
37.978204
45.466677
62.649045
38.064539
61.482188
50.366619
40.769069
34.558874
37.296575
45.868189
60.811769
62.037435
52.724141
59.025536
33.316510
62.874924
35.339717
47.219055
38.832383
72.351937
56.334744
38.844698
64.894575
47.878191
71.104953
43.565285
71.788763
57.893405
32.219495
39.274536
60.444002
58.127285
56.945467
56.886739
57.322316
47.706914
36.877766
30.529540
48.750920
35.061981
58.526356
48.930676
78.976398
62.474236
38.384978
63.879779
71.815325
49.123277
48.915149
66.769458
83.181680
42.137976
67.675889
86.174386
57.534635
53.612612
54.737099
28.472296
66.484478
46.476078
48.874929
72.533839
52.930777
55.424801
69.087744
61.532721
63.670642
47.263332
51.825866
56.029370
42.033168
67.940665
62.810754
28.417748
68.853720
63.169665
56.196501
33.618896
67.125790
53.944259
44.068203
79.181106
35.576445
57.867562
51.905676
50.120828
65.881049
44.476284
25.108141
54.579804
76.754301
48.260547
52.407868
50.866410
56.882512
57.278139
69.632296
55.631915
44.028457
39.258612
80.072670
53.238763
65.084866
36.412319
52.900067
71.277880
45.769775
65.546423
53.694214
80.230994
42.753656
76.198068
64.188589
64.649449
54.250363
41.158344
79.076352
41.887207
50.040893
50.206088
53.769635
57.145216
70.161474
67.850545
65.872668
69.377170
37.995383
65.751676
44.442004
38.335198
57.757812
62.208119
58.300284
43.459413
59.485715
54.129378
71.037068
35.659844
54.210233
64.721180
67.982704
32.350378
57.054821
53.491195
48.067023
56.710195
55.880306
40.045224
34.485262
6.026461
74.430953
45.121200
58.590595
28.302747
74.898103
56.560572
64.210513
64.601937
53.357560
63.124508
55.923002
49.660547
46.068871
59.825199
55.935451
68.805567
57.424586
49.272473
18.733502
28.902316
31.406643
62.818827
60.883514
49.964129
51.777218
33.672201
68.170666
68.100446
61.908831
61.416493
40.322250
57.252912
43.531221
40.608988
39.913181
60.377916
40.116034
51.616367
39.392989
61.815614
45.951998
40.209912
61.805204
46.763722
30.569665
51.119511
63.344299
60.603612
47.485484
59.494356
33.488955
85.140132
61.751511
53.241585
57.315060
39.657166
65.873872
69.280949
58.271650
43.771540
65.575635
53.585408
32.508635
36.261600
65.365806
41.294990
48.441017
49.142314
46.973217
55.473306
45.901735
53.302583
41.291312
64.095193
49.060003
66.440106
57.762065
55.756214
43.527138
70.483716
56.213544
55.108450
43.438284
42.029641
48.605818
40.612643
68.140721
54.980982
26.984586
52.873571
59.041647
57.212123
55.128405
59.973051
55.701850
49.563726
85.502469
54.552274
55.500934
56.697245
70.125844
59.516598
29.840784
67.575553
77.607555
54.232014
66.859665
50.821180
60.715722
74.920813
67.149923
40.076113
47.052949
66.583894
58.402309
41.577111
67.252004
52.199003
59.347883
55.750932
53.810569
51.973202
67.958326
56.697510
37.228716
66.999399
43.095753
54.674771
41.193559
61.314515
76.576191
74.645623
74.335341
64.565877
65.555187
56.288339
50.955439
65.662717
61.397645
59.516848
49.791331
56.872861
69.893598
44.547598
53.286471
59.865555
43.175283
63.128596
65.420210
49.832575
57.230713
42.791122
61.145260
51.824879
51.804194
70.301699
78.703749
65.919691
69.093232
56.797500
50.324430
62.060467
48.107313
48.646759
54.189657
42.819664
59.870915
60.159517
65.218027
62.615384
33.161789
70.529053
75.996927
76.943061
44.412984
62.180961
58.345472
62.248113
69.945161
47.939865
48.070516
43.045334
55.757818
62.524347
59.771555
68.901855
40.309438
51.285663
67.225510
59.782845
67.578953
35.122312
67.373229
51.671310
71.675977
64.331342
81.449944
63.985900
42.044120
57.823624
51.572815
39.948685
72.280651
76.616076
35.814961
56.493814
58.299999
58.856446
61.627595
66.082867
64.989264
66.320401
59.488756
58.713968
58.236222
56.576282
76.316570
53.450384
61.369757
55.178883
60.401525
57.431750
64.130991
58.445356
52.146850
55.494740
55.623079
66.358433
58.030187
76.195616
39.204585
42.621293
56.119639
50.572698
62.656241
57.874019
66.914090
47.081222
39.478978
70.017738
84.378750
38.231636
52.491322
41.489538
55.705676
39.888770
50.343233
71.018623
53.906528
49.196889
32.558992
74.550897
59.961450
46.231808
58.323216
35.292492
70.015871
82.911717
70.250329
73.999397
49.817285
63.146911
32.720856
35.143413
34.400668
64.533969
46.977923
52.539393
55.749674
42.343830
63.837753
30.867186
59.838201
63.353158
26.408713
38.312253
71.742295
57.455138
57.671309
50.619834
84.010171
50.647170
53.616646
30.408459
52.170984
47.954366
54.658547
50.889085
23.609609
40.738131
57.418340
76.352200
55.812286
61.437909
77.847946
75.956299
64.053543
49.525917
52.243703
61.815775
65.358946
52.891801
46.613741
70.130025
52.577513
65.078343
64.568112
62.999857
40.757764
39.759544
63.703372
60.740314
50.162518
52.016772
30.434828
63.992264
54.619760
57.693145
42.306016
59.805464
32.071452
60.696170
73.501455
